# expert keep-list: K=128 equalize=False from ['/tmp/usage/p00.txt', '/tmp/usage/p01.txt', '/tmp/usage/p02.txt', '/tmp/usage/p03.txt', '/tmp/usage/p04.txt', '/tmp/usage/p05.txt', '/tmp/usage/p06.txt', '/tmp/usage/p07.txt', '/tmp/usage/p08.txt', '/tmp/usage/p09.txt', '/tmp/usage/p10.txt', '/tmp/usage/p11.txt']
# layer 0: 128 experts, weight coverage 73.7%
0: 0 2 5 7 8 9 11 15 17 28 30 35 36 38 39 40 41 44 47 69 72 73 78 81 86 94 96 97 101 102 104 105 110 111 115 116 130 131 133 136 138 143 145 147 148 149 152 154 156 159 161 164 167 168 169 172 174 176 180 181 183 188 189 193 197 198 205 207 208 213 215 216 225 229 231 232 234 237 238 241 242 245 248 251 253 257 260 262 263 266 267 268 269 275 276 280 282 284 285 289 290 293 295 296 297 299 300 305 306 310 317 321 322 323 330 337 341 342 343 348 351 352 353 354 355 361 366 370
# layer 1: 128 experts, weight coverage 75.0%
1: 0 4 5 7 10 11 12 14 15 19 20 23 26 33 35 45 47 49 51 54 57 63 64 66 67 75 82 85 88 91 92 93 98 100 103 106 108 109 110 112 117 120 121 122 125 129 130 131 133 134 135 146 147 148 155 156 157 158 159 160 161 163 166 173 176 180 185 186 187 188 191 193 195 200 206 212 213 217 219 224 228 234 236 240 242 247 248 251 254 255 259 260 263 265 270 271 280 283 284 292 293 294 297 306 310 313 316 318 319 322 323 324 330 333 340 341 349 350 353 356 360 361 369 371 373 377 378 380
# layer 2: 128 experts, weight coverage 82.6%
2: 1 2 3 6 7 8 9 10 12 20 25 27 30 31 33 35 41 42 53 58 67 68 69 72 74 77 79 82 87 88 89 91 93 96 101 102 104 105 108 111 115 118 119 120 125 128 131 132 134 135 136 139 140 141 142 144 147 151 152 153 156 158 160 163 166 167 172 175 177 185 187 189 194 196 199 200 203 206 212 213 214 216 223 224 226 228 229 230 234 241 242 254 261 262 270 278 281 289 291 297 298 301 305 308 311 316 320 323 327 328 330 331 332 335 344 347 351 352 354 358 366 369 373 375 377 380 382 383
# layer 3: 128 experts, weight coverage 88.6%
3: 4 5 12 13 15 17 18 21 22 31 35 37 40 48 49 51 54 56 61 64 66 67 69 70 81 83 89 91 94 96 100 102 105 107 110 114 117 118 119 126 130 136 142 144 147 148 149 151 153 154 157 159 161 163 164 165 166 167 168 169 173 176 177 178 180 185 186 189 192 194 198 205 207 209 214 218 224 226 232 233 237 240 246 249 250 251 252 257 260 262 264 265 266 270 272 275 279 288 293 297 298 303 304 305 306 307 312 320 325 330 334 337 339 349 350 355 357 358 359 360 363 365 368 370 372 376 377 378
# layer 4: 128 experts, weight coverage 84.1%
4: 0 5 9 11 12 14 17 23 24 26 28 31 32 33 34 39 40 44 45 46 49 50 53 54 58 61 70 72 79 82 84 85 94 95 102 107 110 122 123 125 126 128 132 140 141 146 147 148 150 151 154 157 166 169 170 171 173 174 176 179 180 184 189 190 191 192 194 195 196 199 201 202 206 213 215 219 220 224 234 239 243 248 251 260 264 266 267 270 271 273 278 279 285 286 288 289 291 292 293 294 300 307 310 312 314 319 322 326 333 335 339 340 350 353 355 357 358 359 362 367 369 370 372 375 376 378 379 381
# layer 5: 128 experts, weight coverage 84.6%
5: 2 6 8 12 19 24 26 28 29 32 34 36 37 40 41 42 45 48 49 52 53 55 57 58 65 69 72 76 77 78 81 84 85 89 97 98 100 106 113 117 119 121 124 127 136 138 141 147 149 153 163 164 169 172 174 179 182 186 187 188 191 192 193 195 198 202 203 206 208 210 213 215 216 220 224 228 232 235 242 247 248 251 256 257 260 263 264 267 275 276 278 280 282 283 286 288 289 291 293 298 306 310 313 314 315 321 324 325 327 328 334 335 337 342 344 346 349 351 352 354 358 359 361 365 368 371 376 379
# layer 6: 128 experts, weight coverage 89.4%
6: 1 2 5 7 8 12 15 17 18 20 23 24 28 29 31 33 37 46 47 51 52 55 56 59 63 66 72 75 79 89 93 99 101 102 104 107 110 111 114 117 120 122 125 128 129 132 134 135 137 140 147 149 151 152 154 159 160 162 167 175 181 183 185 189 190 192 195 200 203 204 206 208 210 214 216 218 219 223 224 227 229 230 232 235 237 241 249 251 254 255 257 261 267 272 275 282 283 292 293 295 302 303 305 306 309 310 311 312 321 323 328 330 333 339 341 342 351 353 354 356 360 367 368 369 370 371 373 380
# layer 7: 128 experts, weight coverage 88.3%
7: 0 6 10 12 16 19 21 25 26 29 32 36 39 40 44 46 48 50 53 58 62 65 68 69 72 75 78 79 81 84 86 89 90 93 94 100 102 106 107 111 114 118 125 127 129 131 133 136 139 140 144 146 150 154 156 158 163 164 165 167 169 173 175 176 179 181 185 191 193 197 200 201 202 204 205 207 215 218 229 234 242 243 245 247 250 251 252 259 264 265 266 270 275 278 283 284 287 290 294 296 298 299 305 306 310 313 316 317 324 325 329 331 337 350 354 356 357 358 360 361 365 366 369 370 374 377 379 383
# layer 8: 128 experts, weight coverage 91.0%
8: 1 2 6 9 11 13 14 23 24 29 33 34 38 39 42 43 47 50 54 55 57 58 61 62 64 66 67 70 72 78 79 85 89 90 92 94 100 101 104 111 114 115 119 121 122 128 129 134 135 137 141 145 151 152 154 155 156 159 162 164 171 172 173 174 177 178 181 185 186 189 192 193 195 205 207 208 209 211 212 214 217 218 219 221 223 224 226 227 228 233 234 237 240 246 248 258 259 269 276 278 280 282 283 284 288 289 294 296 297 299 304 305 308 319 323 324 333 341 346 348 352 356 357 360 367 380 381 382
# layer 9: 128 experts, weight coverage 89.0%
9: 3 5 10 13 18 22 26 27 30 31 33 40 42 49 51 52 57 58 68 69 73 77 79 81 82 88 91 93 98 100 101 102 107 110 115 119 120 124 125 127 128 131 132 134 136 137 138 140 142 143 146 150 154 156 158 160 161 163 168 177 180 186 187 190 195 197 199 201 203 205 208 212 216 217 220 222 223 227 231 233 234 235 236 238 239 242 244 246 255 256 257 258 262 263 264 266 273 282 285 286 302 308 310 312 314 319 320 324 326 327 328 329 333 341 342 351 353 354 362 364 366 368 369 373 377 378 379 383
# layer 10: 128 experts, weight coverage 88.7%
10: 1 2 3 7 8 9 17 25 30 34 35 41 42 44 45 47 49 50 54 56 57 58 59 60 62 68 69 71 72 74 75 78 80 84 85 92 93 95 96 101 111 124 127 134 140 143 145 146 147 148 149 151 152 155 157 159 161 163 165 166 170 171 179 182 188 192 193 210 216 223 227 229 230 233 237 238 245 253 254 255 256 257 258 263 266 267 269 271 273 274 277 279 284 296 297 298 302 303 304 305 306 307 310 312 317 320 324 330 336 338 339 340 341 343 346 349 350 353 362 364 365 370 371 373 374 375 377 378
# layer 11: 128 experts, weight coverage 89.2%
11: 0 2 5 9 10 11 13 14 17 19 21 25 26 27 28 34 35 36 41 46 48 50 52 56 60 64 65 66 70 73 77 79 88 90 96 98 99 101 102 105 108 109 111 114 116 119 121 125 126 128 130 131 137 141 142 143 147 148 162 164 165 166 168 170 171 172 175 180 189 192 195 198 203 208 209 212 216 220 221 225 226 227 230 231 233 235 237 255 259 262 271 273 280 286 288 289 290 294 302 304 306 308 313 314 319 320 321 326 327 328 330 332 338 343 344 345 346 349 351 353 355 356 357 359 363 367 369 379
# layer 12: 128 experts, weight coverage 88.4%
12: 5 8 12 16 17 18 25 27 31 32 34 35 39 42 48 53 55 58 62 67 69 77 85 86 87 88 90 95 100 102 105 109 116 118 120 122 123 124 126 134 137 138 139 141 151 152 155 158 159 161 165 167 169 171 174 176 180 182 183 188 189 194 195 196 198 200 207 208 210 212 221 223 235 236 239 240 243 246 249 252 255 261 262 263 265 272 278 279 280 283 284 287 293 295 298 300 306 307 308 311 312 314 316 317 320 326 329 331 332 333 334 337 338 339 340 345 349 350 358 362 366 369 372 376 379 380 381 383
# layer 13: 128 experts, weight coverage 87.3%
13: 1 4 5 6 9 10 12 15 18 19 21 29 34 36 39 41 44 45 46 49 54 57 58 60 61 63 69 71 73 76 78 83 86 88 89 92 94 95 99 104 105 109 114 115 120 121 127 128 132 136 142 143 150 157 159 161 165 176 177 178 180 187 188 192 193 195 199 203 205 206 207 210 215 218 219 220 225 230 235 243 246 248 249 251 254 258 259 260 263 266 271 272 279 280 281 284 285 287 293 298 305 306 310 311 313 314 315 316 318 322 324 326 335 336 337 338 340 342 345 353 359 360 361 363 370 374 376 381
# layer 14: 128 experts, weight coverage 90.3%
14: 2 3 5 11 14 16 17 18 26 27 28 30 31 35 37 43 45 48 51 57 58 64 67 69 74 76 77 84 93 96 98 99 103 104 109 122 128 129 131 135 139 145 146 151 157 158 159 162 165 170 171 172 173 179 189 192 193 197 201 203 204 209 210 212 213 216 217 223 226 228 232 234 237 238 239 242 243 244 245 248 251 252 254 255 256 261 263 265 277 287 294 299 303 304 306 307 308 309 310 315 316 318 321 323 324 327 330 332 333 342 343 345 346 347 349 354 357 358 359 361 368 371 373 375 376 378 380 383
# layer 15: 128 experts, weight coverage 86.1%
15: 0 1 3 8 13 14 16 20 22 26 28 35 36 37 38 42 47 49 50 57 58 62 65 69 74 75 76 82 83 86 87 91 92 93 97 99 103 104 111 112 114 119 121 123 125 126 130 133 135 136 137 140 141 144 145 146 147 155 157 158 161 162 165 167 169 170 171 174 177 178 181 182 184 187 190 196 199 200 201 202 210 212 213 219 221 223 228 232 233 235 236 250 255 258 266 268 269 271 272 281 282 283 291 299 301 303 307 308 310 316 319 321 326 328 331 337 339 348 352 356 357 359 361 363 372 375 377 378
# layer 16: 128 experts, weight coverage 92.2%
16: 1 3 5 7 8 10 11 19 20 23 27 28 29 30 35 38 41 43 46 47 48 52 54 55 56 58 61 62 66 68 70 71 74 75 78 84 86 89 93 94 96 97 98 100 102 103 105 106 109 111 117 119 122 124 125 126 130 133 136 142 147 152 155 156 157 161 166 171 172 177 178 179 184 190 192 197 198 203 204 206 212 216 217 219 223 226 228 231 232 237 242 243 245 256 258 262 263 264 265 268 269 275 276 278 280 282 288 305 309 311 317 318 321 328 329 332 333 335 336 337 350 352 353 359 361 362 370 371
# layer 17: 128 experts, weight coverage 88.8%
17: 0 2 3 6 10 14 16 17 19 20 22 23 24 25 27 32 36 37 38 42 43 47 54 57 59 64 67 71 72 73 82 83 88 90 93 97 100 101 102 106 111 115 118 120 124 126 133 134 135 142 146 149 150 151 156 157 159 161 163 168 169 171 174 175 179 184 189 195 197 210 213 220 222 233 236 239 240 243 245 246 248 250 251 253 255 262 264 266 268 272 273 278 279 283 285 286 295 297 298 299 300 305 306 308 309 311 312 318 321 323 324 327 332 335 336 337 341 346 351 353 355 356 360 361 365 369 373 375
# layer 18: 128 experts, weight coverage 91.3%
18: 10 11 13 15 16 19 21 24 25 30 33 34 36 38 43 44 45 46 47 52 53 54 56 64 65 70 71 72 73 77 83 84 86 91 96 97 104 106 114 116 119 123 125 132 133 140 144 147 151 152 153 154 158 159 166 167 169 171 173 175 179 180 181 187 190 194 201 202 203 204 206 207 209 214 216 218 219 221 222 225 229 232 234 235 244 255 257 261 263 265 267 268 272 274 275 279 281 283 284 286 289 290 295 300 302 304 310 311 317 319 320 321 323 328 335 336 338 341 343 346 355 361 366 367 368 370 375 379
# layer 19: 128 experts, weight coverage 88.9%
19: 2 6 8 9 11 15 20 22 28 29 30 32 34 44 45 46 47 48 49 59 61 62 63 68 73 74 80 83 87 88 89 91 92 94 101 102 104 105 106 109 110 112 117 118 126 127 128 131 133 138 140 143 150 151 152 154 156 157 165 169 171 174 177 178 179 188 195 200 212 217 219 220 221 227 229 234 235 247 249 250 252 254 255 260 265 266 269 270 271 273 276 281 283 288 289 291 293 295 296 299 300 304 305 306 307 310 312 314 319 322 324 327 328 333 339 341 342 344 349 350 355 363 366 368 374 381 382 383
# layer 20: 128 experts, weight coverage 89.3%
20: 4 6 7 10 14 15 16 18 19 28 29 30 31 32 33 36 42 43 44 47 49 51 55 61 65 67 68 70 72 75 78 86 98 103 107 109 110 116 118 122 128 129 135 136 143 145 147 148 150 151 156 164 165 169 174 175 177 181 187 191 196 201 204 208 210 211 213 215 217 223 225 227 231 244 245 248 250 253 254 255 257 258 261 262 267 274 275 278 279 282 283 286 290 292 295 296 304 305 307 309 313 314 317 318 320 322 324 326 329 331 332 335 336 337 338 340 343 345 351 352 353 359 360 362 370 378 380 383
# layer 21: 128 experts, weight coverage 89.7%
21: 0 1 3 5 6 8 9 11 12 15 18 22 24 30 31 33 37 42 46 47 50 51 54 58 59 60 61 66 67 70 72 77 81 82 88 89 100 106 108 112 115 116 117 120 121 130 131 134 135 136 137 138 139 143 151 157 158 159 160 161 163 164 165 168 171 176 181 184 187 188 191 192 200 201 202 205 206 208 210 214 215 224 225 226 227 232 234 243 251 257 264 269 272 274 276 281 282 285 286 296 301 305 309 315 317 319 324 327 329 335 337 338 341 347 349 350 351 355 357 358 367 368 369 373 375 379 380 381
# layer 22: 128 experts, weight coverage 89.8%
22: 2 6 9 10 22 27 36 39 42 44 50 52 53 54 57 60 62 68 69 72 74 78 84 85 87 99 100 107 110 112 113 118 121 125 127 128 130 131 132 133 139 140 141 147 150 151 154 155 158 159 167 172 173 174 177 178 179 180 182 184 185 192 193 202 206 208 210 214 215 219 221 225 228 230 233 234 235 236 238 250 253 256 259 263 264 269 271 272 274 275 277 278 279 286 287 293 294 295 296 302 313 314 316 320 321 326 327 328 330 334 335 337 344 347 350 351 354 363 364 371 373 374 376 377 378 380 381 383
# layer 23: 128 experts, weight coverage 87.6%
23: 4 6 17 19 20 25 26 27 29 37 40 41 44 48 50 51 54 57 64 66 67 68 72 73 76 82 88 90 91 92 95 97 100 103 106 108 110 113 116 118 120 121 128 131 133 135 137 143 147 149 151 152 154 155 160 162 163 164 167 171 177 180 189 191 196 199 205 206 207 208 209 210 214 219 220 222 224 231 242 243 245 255 256 257 266 271 273 277 279 283 285 291 292 294 300 302 305 306 313 315 316 317 320 322 329 331 332 334 335 336 344 345 347 348 354 356 357 358 361 364 366 367 370 372 375 377 382 383
# layer 24: 128 experts, weight coverage 89.4%
24: 2 3 5 6 7 10 15 16 20 22 32 33 37 39 41 42 43 47 48 52 57 60 66 72 73 83 84 86 87 91 92 96 100 104 105 106 108 112 122 124 127 133 134 135 138 139 141 145 146 147 150 154 155 158 159 161 162 167 175 183 185 189 190 191 192 198 199 204 208 209 212 213 216 219 223 225 231 232 233 237 238 244 246 249 252 253 257 263 264 265 266 269 273 275 278 281 283 284 285 290 292 296 299 304 311 313 314 315 317 321 324 326 331 332 333 336 338 342 343 346 353 355 358 359 367 369 382 383
# layer 25: 128 experts, weight coverage 90.8%
25: 4 7 15 16 20 21 23 29 32 33 37 42 43 47 54 55 58 62 63 66 67 73 75 82 83 86 89 94 97 99 103 106 107 111 112 115 122 124 128 132 134 135 136 139 140 142 150 151 152 156 160 161 163 164 165 166 167 168 171 177 178 182 184 186 187 188 189 192 193 197 199 205 208 210 211 215 216 220 231 233 235 237 238 239 242 244 249 250 251 252 260 261 263 265 269 271 272 279 286 287 288 291 293 301 302 303 304 306 310 315 321 323 325 328 331 333 336 337 347 349 351 352 357 358 359 360 364 383
# layer 26: 128 experts, weight coverage 89.4%
26: 0 4 11 12 15 16 17 20 26 27 28 29 36 37 39 40 41 46 48 49 51 54 57 60 64 69 70 76 79 81 87 90 93 95 97 101 105 106 107 116 118 120 122 133 134 136 137 140 142 145 147 148 151 153 157 159 160 166 167 169 171 173 174 176 177 178 179 185 186 188 192 194 198 199 200 202 205 206 211 217 227 228 237 239 241 242 248 251 252 254 256 259 265 270 272 276 277 280 283 284 290 304 309 317 325 331 333 334 336 340 341 343 345 347 349 351 361 365 368 369 370 371 373 376 377 380 382 383
# layer 27: 128 experts, weight coverage 87.7%
27: 2 3 5 9 10 12 18 23 28 41 43 45 46 47 50 52 54 55 57 61 62 63 66 69 77 79 86 88 89 90 93 96 101 103 104 105 110 113 115 116 125 126 128 129 131 135 146 147 148 151 152 153 154 158 165 168 169 177 179 182 186 194 195 198 199 207 214 217 218 220 224 225 228 231 233 241 242 244 246 250 253 255 256 259 263 265 268 271 273 274 278 280 281 282 283 285 289 291 292 296 297 303 304 305 306 308 312 314 315 322 326 328 331 336 342 343 353 355 358 359 361 362 363 367 368 373 382 383
# layer 28: 128 experts, weight coverage 89.6%
28: 7 9 11 15 22 32 34 38 40 41 43 46 48 49 50 51 52 53 56 57 58 59 65 67 72 73 78 82 85 87 90 91 92 94 96 98 101 105 108 110 118 121 126 127 129 130 137 138 139 141 143 147 150 153 159 169 170 175 178 179 184 187 189 193 199 200 211 212 214 216 221 222 224 226 229 230 232 234 235 238 242 243 244 246 248 249 251 252 253 262 269 271 274 275 276 283 285 289 291 294 295 296 300 304 308 311 312 314 315 324 330 332 333 341 347 348 352 353 355 358 359 362 366 367 369 376 377 380
# layer 29: 128 experts, weight coverage 88.2%
29: 0 3 9 10 11 13 14 17 19 21 25 29 30 33 34 35 38 40 41 43 47 48 52 55 56 59 63 64 69 70 71 72 75 76 77 84 85 86 87 94 95 97 98 99 101 103 105 109 114 115 117 119 122 126 129 130 131 136 139 140 142 153 155 160 161 162 164 167 170 171 180 181 182 186 187 194 198 200 202 209 211 212 214 218 221 225 226 228 229 233 244 251 252 254 256 257 258 259 260 261 262 264 269 277 280 304 306 307 308 314 317 319 321 327 333 334 336 344 346 348 350 351 352 359 363 370 375 376
# layer 30: 128 experts, weight coverage 88.2%
30: 0 2 4 9 11 12 13 16 17 18 19 21 22 23 36 41 42 43 49 50 56 67 72 74 78 79 80 84 87 90 95 97 99 100 104 109 111 112 115 131 133 138 139 143 149 153 154 159 160 161 168 170 175 181 182 191 193 194 197 202 205 206 209 210 212 220 225 226 229 233 234 235 236 241 243 244 245 247 250 252 259 262 263 264 265 280 281 285 286 288 291 292 294 295 296 299 301 302 303 304 308 310 313 317 319 320 321 322 324 326 327 329 331 334 342 345 348 349 355 356 358 361 364 366 376 377 379 383
# layer 31: 128 experts, weight coverage 87.1%
31: 2 3 5 6 7 16 17 22 25 28 29 31 36 38 41 43 46 48 50 51 52 53 56 59 64 66 68 70 75 76 88 96 101 103 104 105 115 129 130 131 133 135 137 138 141 143 144 151 152 153 155 156 160 168 170 171 173 175 182 185 188 189 190 191 195 198 203 206 211 213 217 229 243 244 245 249 250 255 257 258 260 262 266 269 271 274 276 279 280 281 286 287 291 293 297 298 299 300 301 303 304 308 310 311 318 324 325 326 330 332 334 337 339 340 347 348 350 351 354 356 357 358 359 361 368 370 375 378
# layer 32: 128 experts, weight coverage 87.6%
32: 5 8 13 14 18 19 20 25 29 35 41 42 43 44 46 48 49 54 63 64 66 70 71 72 74 77 82 85 88 90 91 92 97 100 101 105 107 113 117 121 122 124 128 129 132 134 137 139 142 146 149 150 153 156 161 166 167 173 175 177 180 186 190 191 200 205 208 209 210 211 218 219 221 226 231 232 234 235 239 244 246 248 250 251 258 263 265 267 270 273 276 277 282 283 287 288 289 294 297 300 303 305 310 312 318 322 323 325 333 337 338 339 340 341 344 346 348 355 363 364 365 367 373 374 375 376 378 383
# layer 33: 128 experts, weight coverage 87.0%
33: 1 2 3 5 7 9 10 13 16 17 21 22 23 24 28 30 32 35 38 46 48 50 53 61 64 66 67 68 69 75 80 81 87 92 96 97 109 116 117 118 119 122 125 130 134 135 140 143 144 145 151 153 154 157 159 178 180 185 186 187 190 192 194 196 198 203 208 210 215 218 221 223 228 232 233 235 240 241 242 244 248 251 252 253 255 259 263 266 268 274 276 282 283 286 291 294 297 299 300 301 306 307 309 310 311 316 318 325 326 327 329 330 337 339 343 345 346 347 351 358 359 362 365 366 367 368 374 380
# layer 34: 128 experts, weight coverage 87.1%
34: 1 3 6 7 8 14 20 31 32 42 43 44 46 48 54 65 66 74 75 78 80 81 82 84 90 92 94 97 101 103 106 108 117 119 120 122 125 127 128 131 134 137 138 140 141 142 146 148 150 152 155 158 159 160 162 164 166 167 168 172 177 178 183 185 186 187 188 190 192 193 203 204 206 208 209 213 218 221 223 225 227 228 236 239 245 248 250 259 260 261 264 268 271 274 275 277 278 288 290 293 296 299 307 308 309 311 316 317 318 319 323 324 328 335 337 338 342 345 349 352 354 355 356 357 359 365 373 380
# layer 35: 128 experts, weight coverage 86.1%
35: 4 6 9 11 15 16 18 19 25 26 34 38 41 46 47 49 53 58 61 62 68 75 79 80 88 91 92 98 102 103 104 112 116 117 118 119 122 124 127 131 140 141 144 146 152 153 154 155 162 163 171 174 177 178 180 182 191 193 194 199 201 203 206 210 215 218 221 224 229 233 234 240 252 254 255 259 262 266 267 270 273 275 276 277 279 280 281 284 286 292 293 295 298 300 303 305 306 307 311 312 313 315 316 324 326 328 332 333 334 335 339 344 346 347 348 350 353 355 356 359 362 365 366 369 374 377 382 383
# layer 36: 128 experts, weight coverage 87.3%
36: 1 3 4 7 12 13 16 18 22 23 25 26 28 32 36 40 42 43 52 53 56 58 59 63 64 69 79 80 82 83 85 93 94 98 99 101 103 113 114 130 134 138 139 142 157 158 159 160 165 171 172 174 182 184 187 190 192 197 201 202 204 211 212 217 220 222 223 229 231 233 236 238 244 247 248 250 253 257 258 265 268 272 273 274 276 277 279 280 284 288 289 292 299 301 302 304 305 306 307 313 314 317 318 322 323 324 325 327 329 336 337 339 340 342 343 346 350 354 355 359 361 363 366 369 372 373 374 380
# layer 37: 128 experts, weight coverage 81.6%
37: 1 3 5 6 7 8 9 10 13 15 16 19 20 21 23 26 30 32 36 37 38 39 43 46 51 53 55 56 58 59 67 68 71 77 78 83 95 97 100 102 105 110 112 121 123 124 127 128 130 132 135 138 144 156 157 160 163 165 167 168 171 172 174 176 177 179 181 182 186 189 194 197 208 214 217 218 219 224 225 227 230 232 233 234 240 245 256 259 265 271 272 275 279 282 285 287 292 297 298 307 308 310 315 316 322 330 338 339 341 343 344 345 346 348 350 354 358 359 360 366 370 372 373 374 377 378 380 381
# layer 38: 128 experts, weight coverage 83.7%
38: 6 12 13 17 20 21 24 26 28 30 31 33 35 40 43 50 55 59 64 67 69 70 75 79 80 83 88 90 91 93 95 97 98 103 108 110 115 116 117 118 125 131 133 134 138 139 141 144 145 147 151 152 153 158 159 167 169 170 171 176 177 181 183 188 189 191 192 193 196 197 201 207 208 217 219 226 227 230 231 234 236 237 239 242 246 249 250 254 257 258 260 263 264 265 268 273 277 278 281 282 283 285 288 289 292 296 298 301 302 305 309 316 318 322 332 335 342 345 351 353 355 361 363 369 370 375 378 380
# layer 39: 128 experts, weight coverage 85.1%
39: 0 1 4 6 7 8 14 15 18 20 26 27 32 45 50 51 54 55 58 61 66 69 70 72 80 82 83 85 87 91 92 96 97 99 101 102 103 109 112 116 118 119 125 133 141 144 145 146 149 151 155 159 160 166 168 170 173 178 179 181 188 189 190 195 198 200 202 203 205 207 208 215 220 221 224 228 231 235 237 244 255 256 266 268 269 276 279 281 283 284 286 293 295 296 298 303 307 308 312 314 318 319 324 326 330 334 335 336 346 349 351 352 354 355 356 357 359 360 361 362 363 367 368 371 375 379 381 382
