# expert keep-list: K=176 equalize=False from ['/tmp/usage/p00.txt', '/tmp/usage/p01.txt', '/tmp/usage/p02.txt', '/tmp/usage/p03.txt', '/tmp/usage/p04.txt', '/tmp/usage/p05.txt', '/tmp/usage/p06.txt', '/tmp/usage/p07.txt', '/tmp/usage/p08.txt', '/tmp/usage/p09.txt', '/tmp/usage/p10.txt', '/tmp/usage/p11.txt']
# layer 0: 176 experts, weight coverage 83.8%
0: 0 2 5 7 8 9 11 14 15 17 18 25 28 29 30 34 35 36 38 39 40 41 44 47 58 67 69 70 71 72 73 78 81 86 88 89 94 96 97 101 102 104 105 107 108 109 110 111 113 115 116 118 128 130 131 133 136 138 140 141 143 145 146 147 148 149 152 154 155 156 158 159 161 164 167 168 169 172 173 174 176 180 181 183 187 188 189 191 193 194 197 198 205 207 208 213 215 216 222 225 227 229 231 232 234 237 238 241 242 245 248 251 253 256 257 259 260 262 263 266 267 268 269 275 276 280 282 283 284 285 286 288 289 290 293 295 296 297 299 300 301 305 306 308 310 311 314 315 317 320 321 322 323 328 329 330 331 334 337 338 341 342 343 348 350 351 352 353 354 355 361 363 366 367 370 378
# layer 1: 176 experts, weight coverage 84.7%
1: 0 4 5 7 10 11 12 14 15 19 20 22 23 24 26 30 33 35 38 39 45 47 49 51 53 54 57 61 63 64 66 67 70 71 73 75 82 84 85 88 91 92 93 97 98 100 103 104 106 108 109 110 112 117 120 121 122 125 126 127 129 130 131 133 134 135 138 141 144 146 147 148 155 156 157 158 159 160 161 163 166 173 176 180 184 185 186 187 188 191 193 195 199 200 206 208 211 212 213 215 217 219 222 224 227 228 229 234 236 240 242 247 248 251 252 253 254 255 259 260 263 265 266 267 270 271 274 275 279 280 283 284 290 292 293 294 296 297 301 306 307 310 313 316 318 319 320 321 322 323 324 328 330 333 337 339 340 341 344 346 349 350 353 356 360 361 362 369 371 372 373 375 377 378 379 380
# layer 2: 176 experts, weight coverage 90.7%
2: 1 2 3 6 7 8 9 10 12 15 16 20 23 25 27 30 31 32 33 35 40 41 42 45 46 47 48 49 53 58 59 65 66 67 68 69 72 74 77 79 82 87 88 89 91 93 95 96 98 99 101 102 104 105 108 111 114 115 118 119 120 125 126 128 130 131 132 134 135 136 139 140 141 142 144 147 151 152 153 156 158 160 163 165 166 167 172 175 177 178 179 181 185 187 189 191 194 196 199 200 203 204 206 209 210 212 213 214 216 217 222 223 224 226 228 229 230 234 241 242 243 252 254 255 256 260 261 262 265 266 270 278 279 280 281 283 289 291 296 297 298 299 301 305 308 311 316 320 323 324 326 327 328 330 331 332 333 335 339 344 345 347 351 352 354 358 365 366 369 373 375 377 380 381 382 383
# layer 3: 176 experts, weight coverage 93.6%
3: 4 5 7 12 13 14 15 16 17 18 19 21 22 27 31 35 37 40 43 48 49 50 51 52 54 56 61 64 66 67 69 70 74 80 81 83 87 89 91 92 94 96 100 102 105 106 107 109 110 114 117 118 119 121 126 128 130 132 133 136 141 142 144 147 148 149 150 151 153 154 156 157 159 161 163 164 165 166 167 168 169 170 173 176 177 178 180 184 185 186 189 190 191 192 194 197 198 199 200 205 207 209 211 214 217 218 220 222 224 226 230 232 233 237 240 246 249 250 251 252 253 257 259 260 262 264 265 266 267 270 271 272 275 279 286 288 291 293 294 297 298 303 304 305 306 307 309 312 317 319 320 324 325 329 330 334 336 337 339 349 350 355 357 358 359 360 363 364 365 368 370 372 376 377 378 379
# layer 4: 176 experts, weight coverage 90.7%
4: 0 5 9 11 12 13 14 17 18 19 23 24 25 26 28 31 32 33 34 37 39 40 43 44 45 46 48 49 50 53 54 58 61 63 65 70 72 73 77 79 82 84 85 88 92 94 95 102 106 107 110 111 119 122 123 125 126 128 131 132 136 137 138 140 141 143 146 147 148 150 151 154 156 157 159 164 166 169 170 171 173 174 176 179 180 184 185 189 190 191 192 194 195 196 199 201 202 203 206 209 210 213 215 216 219 220 224 225 227 230 231 234 239 243 244 248 251 254 258 260 264 266 267 270 271 273 278 279 280 281 285 286 288 289 291 292 293 294 296 297 300 307 310 312 314 319 322 326 330 333 335 336 339 340 342 347 350 353 354 355 357 358 359 362 367 369 370 371 372 375 376 377 378 379 381 383
# layer 5: 176 experts, weight coverage 91.0%
5: 1 2 6 8 12 19 24 26 28 29 32 34 35 36 37 40 41 42 45 48 49 52 53 55 57 58 60 63 65 69 70 72 76 77 78 81 84 85 89 95 97 98 100 106 113 116 117 119 120 121 122 124 127 133 136 137 138 140 141 145 146 147 149 151 153 156 158 160 161 162 163 164 166 169 172 174 177 179 181 182 186 187 188 191 192 193 194 195 198 200 202 203 206 208 209 210 213 215 216 220 221 222 223 224 225 227 228 229 232 235 241 242 244 247 248 251 255 256 257 258 260 263 264 267 275 276 277 278 280 282 283 284 286 288 289 290 291 293 298 299 306 310 313 314 315 317 319 321 322 324 325 326 327 328 334 335 337 341 342 344 346 349 350 351 352 354 358 359 360 361 365 368 371 376 379 380
# layer 6: 176 experts, weight coverage 94.4%
6: 0 1 2 5 7 8 12 13 15 17 18 20 22 23 24 28 29 31 33 37 46 47 51 52 55 56 59 63 66 67 72 73 75 79 81 82 89 91 92 93 99 100 101 102 104 107 110 111 112 114 117 120 122 125 128 129 132 133 134 135 137 140 147 148 149 150 151 152 154 159 160 162 164 166 167 169 170 171 172 174 175 181 183 184 185 188 189 190 192 194 195 200 201 203 204 206 208 210 211 214 216 218 219 220 223 224 227 229 230 232 235 237 239 241 244 249 251 254 255 257 258 260 261 262 267 272 275 278 279 282 283 284 292 293 295 302 303 305 306 309 310 311 312 314 317 321 323 326 328 330 332 333 339 340 341 342 348 349 351 353 354 356 358 359 360 361 364 367 368 369 370 371 372 373 379 380
# layer 7: 176 experts, weight coverage 93.8%
7: 0 6 10 12 14 16 19 21 25 26 27 29 30 32 36 38 39 40 41 44 46 48 49 50 53 58 62 63 65 68 69 72 73 75 78 79 81 84 85 86 88 89 90 93 94 96 100 102 106 107 111 114 118 122 125 127 129 130 131 133 136 139 140 144 146 147 148 150 151 154 155 156 158 162 163 164 165 167 169 173 175 176 179 180 181 183 185 191 193 197 200 201 202 204 205 207 215 216 218 220 221 225 228 229 234 235 236 241 242 243 244 245 246 247 250 251 252 253 257 259 264 265 266 270 271 273 275 278 280 283 284 287 290 291 294 296 298 299 302 305 306 310 312 313 314 316 317 320 323 324 325 326 328 329 331 332 337 340 350 353 354 356 357 358 360 361 364 365 366 369 370 374 377 379 380 383
# layer 8: 176 experts, weight coverage 95.3%
8: 1 2 5 6 9 11 13 14 16 22 23 24 28 29 33 34 37 38 39 42 43 44 45 47 50 54 55 57 58 61 62 63 64 66 67 70 71 72 74 78 79 85 89 90 92 94 97 99 100 101 102 104 111 112 114 115 117 119 121 122 127 128 129 134 135 137 141 143 145 150 151 152 154 155 156 159 162 163 164 171 172 173 174 177 178 181 185 186 189 192 193 195 197 205 207 208 209 211 212 214 217 218 219 221 222 223 224 225 226 227 228 229 233 234 237 240 245 246 247 248 250 258 259 260 269 271 276 278 280 282 283 284 286 288 289 292 293 294 295 296 297 299 300 304 305 306 307 308 314 316 319 323 324 329 332 333 336 337 338 340 341 346 348 352 356 357 360 365 367 373 374 375 378 380 381 382
# layer 9: 176 experts, weight coverage 94.4%
9: 2 3 5 7 10 13 18 20 22 26 27 30 31 33 37 40 42 48 49 51 52 57 58 62 68 69 70 73 75 77 79 81 82 86 88 90 91 93 98 100 101 102 103 104 107 110 112 115 119 120 122 124 125 126 127 128 131 132 134 136 137 138 139 140 142 143 144 146 147 149 150 153 154 156 158 160 161 163 166 167 168 169 170 177 180 186 187 188 190 195 197 199 201 203 205 208 211 212 216 217 220 222 223 227 228 230 231 233 234 235 236 238 239 242 244 245 246 248 255 256 257 258 262 263 264 265 266 271 273 278 280 282 285 286 288 289 291 296 297 302 308 310 311 312 314 315 319 320 324 326 327 328 329 333 337 341 342 343 346 348 350 351 353 354 361 362 364 366 368 369 372 373 377 378 379 383
# layer 10: 176 experts, weight coverage 94.5%
10: 1 2 3 5 7 8 9 11 17 22 23 25 30 34 35 39 41 42 44 45 47 48 49 50 54 56 57 58 59 60 62 67 68 69 71 72 74 75 77 78 80 84 85 87 90 91 92 93 95 96 97 101 104 109 111 113 124 127 134 137 140 142 143 145 146 147 148 149 151 152 155 157 159 161 163 165 166 170 171 179 182 188 192 193 194 199 201 207 209 210 213 216 220 223 224 225 227 229 230 233 234 236 237 238 245 246 248 249 251 253 254 255 256 257 258 263 264 266 267 269 271 273 274 277 279 284 286 289 292 295 296 297 298 302 303 304 305 306 307 308 310 312 315 316 317 320 324 330 334 336 337 338 339 340 341 343 346 349 350 352 353 357 361 362 364 365 370 371 372 373 374 375 376 377 378 380
# layer 11: 176 experts, weight coverage 94.9%
11: 0 2 4 5 9 10 11 13 14 15 16 17 18 19 20 21 24 25 26 27 28 30 32 33 34 35 36 41 43 46 48 49 50 52 56 60 64 65 66 70 73 77 79 81 85 87 88 90 94 96 97 98 99 101 102 103 105 108 109 111 114 116 119 121 124 125 126 128 129 130 131 135 137 140 141 142 143 144 147 148 154 162 164 165 166 167 168 170 171 172 175 180 181 189 192 195 198 203 208 209 212 215 216 220 221 224 225 226 227 230 231 232 233 235 237 242 243 252 253 255 259 262 270 271 273 279 280 283 286 288 289 290 294 295 297 302 304 306 307 308 309 310 313 314 315 319 320 321 326 327 328 329 330 332 337 338 340 343 344 345 346 349 351 353 355 356 357 359 363 365 367 369 370 375 378 379
# layer 12: 176 experts, weight coverage 94.2%
12: 5 6 8 11 12 16 17 18 20 25 27 31 32 33 34 35 38 39 41 42 44 46 48 53 55 58 59 62 64 66 67 69 71 77 81 83 85 86 87 88 90 95 100 102 104 105 109 115 116 118 119 120 122 123 124 125 126 128 133 134 137 138 139 140 141 142 151 152 155 158 159 161 165 167 169 171 173 174 176 180 182 183 186 188 189 191 194 195 196 198 200 202 207 208 209 210 211 212 213 214 217 219 221 222 223 227 229 230 235 236 239 240 242 243 246 249 252 255 261 262 263 264 265 266 271 272 277 278 279 280 283 284 287 291 293 294 295 298 300 302 306 307 308 311 312 314 316 317 319 320 326 328 329 331 332 333 334 337 338 339 340 345 348 349 350 354 358 362 366 369 372 376 379 380 381 383
# layer 13: 176 experts, weight coverage 92.8%
13: 1 4 5 6 9 10 11 12 15 18 19 20 21 26 28 29 34 36 39 40 41 43 44 45 46 47 49 50 54 57 58 60 61 63 69 70 71 73 76 78 79 83 86 88 89 90 91 92 94 95 97 98 99 101 104 105 106 109 114 115 116 120 121 124 127 128 132 136 137 142 143 146 150 157 159 160 161 165 167 168 176 177 178 180 181 187 188 190 192 193 195 197 199 201 203 205 206 207 210 215 218 219 220 223 225 230 235 243 245 246 248 249 251 252 254 258 259 260 262 263 264 265 266 269 271 272 278 279 280 281 284 285 287 293 297 298 305 306 309 310 311 313 314 315 316 318 319 322 324 326 328 333 335 336 337 338 340 342 345 353 355 356 357 359 360 361 363 366 367 368 370 373 374 376 377 381
# layer 14: 176 experts, weight coverage 95.2%
14: 1 2 3 5 6 10 11 14 16 17 18 19 23 26 27 28 30 31 35 36 37 43 45 48 51 54 57 58 60 62 64 67 69 71 73 74 76 77 79 84 85 90 91 92 93 96 98 99 103 104 107 109 112 118 122 124 128 129 131 135 137 139 145 146 151 157 158 159 161 162 165 170 171 172 173 179 189 190 192 193 195 197 199 201 203 204 207 209 210 212 213 215 216 217 221 223 225 226 227 228 231 232 234 237 238 239 240 242 243 244 245 248 251 252 254 255 256 261 263 265 277 279 283 284 286 287 288 291 294 299 301 303 304 306 307 308 309 310 315 316 317 318 319 321 323 324 325 327 330 331 332 333 342 343 344 345 346 347 349 351 352 353 354 357 358 359 361 365 368 371 373 375 376 378 380 383
# layer 15: 176 experts, weight coverage 92.1%
15: 0 1 2 3 6 8 13 14 15 16 20 22 23 26 28 35 36 37 38 39 42 47 49 50 52 57 58 62 65 68 69 70 74 75 76 81 82 83 86 87 88 91 92 93 95 97 98 99 103 104 111 112 114 118 119 121 123 125 126 129 130 132 133 135 136 137 139 140 141 144 145 146 147 148 149 151 155 157 158 161 162 165 167 169 170 171 174 177 178 179 181 182 184 187 190 196 199 200 201 202 208 209 210 212 213 217 218 219 221 223 228 229 232 233 235 236 245 250 251 255 258 261 265 266 268 269 271 272 280 281 282 283 287 288 291 293 298 299 301 303 307 308 309 310 314 315 316 319 320 321 325 326 328 331 334 337 339 343 346 348 349 352 355 356 357 358 359 361 362 363 370 372 375 377 378 381
# layer 16: 176 experts, weight coverage 96.4%
16: 0 1 3 4 5 6 7 8 10 11 15 19 20 21 23 27 28 29 30 32 34 35 38 40 41 42 43 46 47 48 52 54 55 56 58 60 61 62 66 68 70 71 72 73 74 75 78 84 86 88 89 93 94 96 97 98 100 102 103 105 106 109 111 117 119 121 122 124 125 126 130 133 136 142 147 150 152 155 156 157 161 162 163 166 169 170 171 172 177 178 179 184 189 190 192 197 198 203 204 206 209 212 214 216 217 219 223 226 228 230 231 232 233 237 241 242 243 245 248 250 255 256 257 258 262 263 264 265 267 268 269 271 272 275 276 278 279 280 281 282 286 288 291 296 304 305 307 309 311 317 318 321 323 328 329 330 332 333 335 336 337 339 346 350 352 353 355 359 361 362 366 368 370 371 373 377
# layer 17: 176 experts, weight coverage 93.9%
17: 0 2 3 5 6 10 14 16 17 19 20 21 22 23 24 25 27 30 32 36 37 38 42 43 47 51 53 54 57 58 59 64 67 70 71 72 73 76 78 82 83 88 90 91 93 97 100 101 102 105 106 107 111 113 115 116 118 120 121 124 126 133 134 135 137 138 140 142 146 148 149 150 151 153 156 157 159 161 163 168 169 171 172 174 175 179 180 184 185 188 189 195 197 208 210 213 216 217 220 222 224 225 231 233 236 239 240 241 243 245 246 247 248 250 251 253 255 262 264 266 267 268 272 273 274 275 278 279 283 285 286 287 288 292 295 297 298 299 300 305 306 308 309 311 312 317 318 321 323 324 325 327 329 332 335 336 337 341 344 346 347 350 351 353 355 356 360 361 365 369 371 373 375 378 382 383
# layer 18: 176 experts, weight coverage 95.5%
18: 9 10 11 12 13 15 16 19 21 22 24 25 30 32 33 34 36 37 38 43 44 45 46 47 52 53 54 56 58 64 65 70 71 72 73 74 75 77 83 84 86 88 90 91 95 96 97 104 106 114 115 116 119 122 123 125 132 133 140 143 144 147 151 152 153 154 158 159 162 166 167 169 171 173 175 176 179 180 181 183 184 187 190 194 196 198 200 201 202 203 204 206 207 208 209 213 214 216 217 218 219 220 221 222 225 226 229 232 234 235 237 238 240 244 250 255 257 258 261 263 265 266 267 268 272 274 275 277 279 281 282 283 284 285 286 287 289 290 292 293 295 298 300 302 304 305 310 311 313 317 319 320 321 323 325 328 332 335 336 338 341 343 346 348 355 356 358 359 361 364 366 367 368 370 375 379
# layer 19: 176 experts, weight coverage 94.1%
19: 0 2 5 6 8 9 11 15 20 21 22 28 29 30 32 33 34 42 43 44 45 46 47 48 49 50 51 58 59 61 62 63 66 68 73 74 79 80 83 87 88 89 91 92 94 99 100 101 102 104 105 106 109 110 112 117 118 121 122 126 127 128 131 133 136 137 138 140 143 150 151 152 154 156 157 158 165 166 169 171 174 177 178 179 188 192 195 197 200 201 204 212 214 215 216 217 218 219 220 221 227 228 229 234 235 244 247 248 249 250 252 253 254 255 259 260 262 265 266 269 270 271 273 275 276 279 280 281 282 283 288 289 291 293 295 296 299 300 304 305 306 307 309 310 312 314 315 319 322 324 327 328 333 336 339 341 342 343 344 349 350 353 355 360 361 363 366 367 368 370 374 376 379 381 382 383
# layer 20: 176 experts, weight coverage 94.3%
20: 3 4 6 7 10 14 15 16 18 19 21 23 27 28 29 30 31 32 33 35 36 42 43 44 47 48 49 51 52 55 61 62 63 65 67 68 70 72 74 75 78 85 86 88 97 98 103 107 108 109 110 116 118 122 124 126 128 129 132 133 135 136 138 143 145 147 148 150 151 153 154 156 158 164 165 167 169 170 174 175 176 177 178 181 182 185 187 189 191 192 196 199 201 204 205 208 210 211 213 215 217 223 225 227 228 231 244 245 248 250 253 254 255 257 258 259 261 262 264 267 272 273 274 275 278 279 282 283 286 287 290 292 295 296 299 304 305 307 309 313 314 317 318 320 322 324 326 327 328 329 331 332 333 334 335 336 337 338 339 340 341 343 345 347 348 351 352 353 359 360 362 370 372 378 380 383
# layer 21: 176 experts, weight coverage 94.5%
21: 0 1 3 5 6 8 9 11 12 15 18 21 22 24 29 30 31 33 36 37 42 44 46 47 50 51 54 55 58 59 60 61 63 66 67 70 72 77 81 82 88 89 93 100 102 103 105 106 108 110 112 114 115 116 117 118 120 121 122 124 130 131 134 135 136 137 138 139 140 141 142 143 146 151 157 158 159 160 161 163 164 165 168 171 175 176 181 184 186 187 188 191 192 194 200 201 202 203 205 206 208 210 214 215 219 220 224 225 226 227 232 234 236 240 243 250 251 254 257 258 260 264 269 270 272 274 275 276 278 280 281 282 285 286 289 292 296 299 301 305 308 309 311 315 317 318 319 324 327 329 330 335 337 338 341 346 347 349 350 351 355 356 357 358 367 368 369 373 374 375 377 378 379 380 381 382
# layer 22: 176 experts, weight coverage 94.7%
22: 2 3 4 6 7 9 10 12 18 21 22 27 28 34 36 39 42 44 50 52 53 54 56 57 60 62 67 68 69 72 73 74 77 78 84 85 86 87 90 93 99 100 101 107 110 112 113 118 121 125 127 128 130 131 132 133 139 140 141 144 145 146 147 150 151 153 154 155 156 158 159 166 167 168 169 172 173 174 177 178 179 180 182 184 185 188 192 193 199 202 205 206 207 208 210 211 213 214 215 219 221 225 228 230 233 234 235 236 238 244 245 250 253 256 257 259 261 263 264 269 271 272 274 275 277 278 279 280 286 287 290 293 294 295 296 300 302 303 313 314 316 317 318 320 321 326 327 328 330 334 335 337 338 341 342 344 345 347 348 350 351 354 359 363 364 367 370 371 373 374 376 377 378 380 381 383
# layer 23: 176 experts, weight coverage 92.7%
23: 0 1 4 5 6 16 17 19 20 25 26 27 29 35 37 40 41 43 44 45 46 48 50 51 54 57 64 66 67 68 69 72 73 76 82 86 88 90 91 92 95 96 97 100 101 103 106 108 109 110 113 116 118 120 121 126 128 129 131 132 133 134 135 137 139 142 143 147 149 150 151 152 153 154 155 157 160 162 163 164 166 167 168 171 174 177 180 187 188 189 191 196 197 199 205 206 207 208 209 210 212 214 218 219 220 222 224 226 231 235 242 243 245 247 255 256 257 260 265 266 268 271 273 274 277 279 282 283 284 285 291 292 294 296 298 299 300 301 302 305 306 313 315 316 317 320 322 324 329 331 332 333 334 335 336 344 345 346 347 348 354 356 357 358 361 362 364 366 367 370 372 374 375 377 382 383
# layer 24: 176 experts, weight coverage 94.6%
24: 0 2 3 5 6 7 10 15 16 19 20 22 24 32 33 35 36 37 39 41 42 43 45 47 48 52 53 54 57 60 63 66 72 73 83 84 86 87 88 91 92 96 100 103 104 105 106 107 108 112 115 117 119 122 124 127 132 133 134 135 138 139 141 143 145 146 147 150 154 155 158 159 161 162 163 165 167 173 175 181 183 184 185 189 190 191 192 193 195 198 199 202 204 208 209 212 213 214 216 218 219 222 223 224 225 231 232 233 237 238 240 241 244 246 247 249 252 253 255 257 262 263 264 265 266 269 273 275 276 278 281 283 284 285 290 291 292 294 296 299 300 304 311 313 314 315 316 317 321 324 325 326 330 331 332 333 336 338 342 343 345 346 348 351 353 355 356 358 359 365 367 369 376 378 382 383
# layer 25: 176 experts, weight coverage 95.9%
25: 4 5 7 11 15 16 20 21 23 24 29 32 33 34 35 37 41 42 43 47 54 55 58 60 62 63 66 67 73 75 82 83 86 89 90 92 94 97 98 99 103 106 107 111 112 114 115 121 122 124 128 130 132 134 135 136 139 140 142 144 145 150 151 152 153 156 159 160 161 162 163 164 165 166 167 168 171 177 178 182 184 186 187 188 189 192 193 194 197 199 204 205 208 209 210 211 214 215 216 220 221 225 231 233 235 236 237 238 239 242 244 246 247 248 249 250 251 252 253 256 260 261 263 265 269 270 271 272 274 277 279 283 286 287 288 291 293 294 295 299 301 302 303 304 305 306 310 311 312 315 318 320 321 323 325 328 331 333 335 336 337 340 347 348 349 351 352 356 357 358 359 360 364 368 371 383
# layer 26: 176 experts, weight coverage 95.2%
26: 0 4 11 12 14 15 16 17 20 26 27 28 29 30 36 37 39 40 41 42 44 45 46 48 49 51 54 57 60 63 64 68 69 70 76 77 79 81 83 84 87 90 92 93 95 97 101 105 106 107 112 116 118 120 121 122 128 133 134 136 137 139 140 142 145 147 148 149 151 153 157 159 160 166 167 169 171 173 174 176 177 178 179 183 185 186 187 188 191 192 194 198 199 200 202 204 205 206 209 211 217 223 227 228 230 233 237 239 240 241 242 244 248 250 251 252 254 256 257 258 259 265 266 267 268 270 272 276 277 280 281 283 284 288 290 293 297 299 303 304 305 309 315 317 323 325 328 330 331 332 333 334 336 338 340 341 343 345 347 348 349 351 353 361 362 365 368 369 370 371 373 376 377 380 382 383
# layer 27: 176 experts, weight coverage 93.7%
27: 2 3 4 5 8 9 10 12 18 22 23 28 39 40 41 43 45 46 47 49 50 52 54 55 57 61 62 63 64 66 68 69 70 72 76 77 78 79 86 88 89 90 92 93 96 101 103 104 105 107 110 113 115 116 122 125 126 128 129 130 131 135 136 142 143 146 147 148 151 152 153 154 158 165 168 169 174 176 177 178 179 182 186 187 188 194 195 198 199 202 205 207 208 214 216 217 218 220 221 224 225 228 231 233 240 241 242 243 244 246 248 249 250 251 253 254 255 256 257 259 263 265 266 267 268 271 273 274 278 280 281 282 283 285 289 291 292 296 297 298 303 304 305 306 308 310 312 314 315 321 322 324 326 327 328 331 335 336 338 342 343 346 353 355 358 359 361 362 363 366 367 368 373 378 382 383
# layer 28: 176 experts, weight coverage 95.4%
28: 2 3 7 9 11 15 16 22 30 32 34 38 40 41 43 44 46 48 49 50 51 52 53 56 57 58 59 60 61 65 67 70 72 73 78 80 82 83 84 85 87 88 89 90 91 92 94 96 98 101 105 108 110 118 120 121 122 125 126 127 129 130 135 137 138 139 140 141 142 143 147 150 153 154 159 163 169 170 175 177 178 179 184 187 189 192 193 199 200 203 205 211 212 214 215 216 220 221 222 223 224 226 227 229 230 232 233 234 235 238 240 242 243 244 246 248 249 251 252 253 254 257 259 262 263 269 271 274 275 276 277 280 283 285 289 291 294 295 296 297 300 304 308 310 311 312 314 315 319 320 324 330 332 333 336 341 342 347 348 352 353 355 357 358 359 362 364 366 367 369 370 376 377 380 382 383
# layer 29: 176 experts, weight coverage 93.5%
29: 0 3 4 9 10 11 13 14 17 19 21 25 29 30 31 32 33 34 35 38 39 40 41 42 43 47 48 52 55 56 59 63 64 66 69 70 71 72 75 76 77 83 84 85 86 87 92 94 95 97 98 99 101 103 105 109 114 115 117 119 122 123 126 129 130 131 135 136 138 139 140 142 153 154 155 160 161 162 164 166 167 168 169 170 171 172 173 180 181 182 186 187 191 194 197 198 200 202 209 210 211 212 214 215 218 221 225 226 228 229 231 233 243 244 247 250 251 252 254 256 257 258 259 260 261 262 263 264 268 269 270 275 277 278 280 283 285 288 291 293 300 301 302 304 305 306 307 308 311 314 317 319 321 325 327 333 334 336 340 344 345 346 348 350 351 352 358 359 363 367 370 373 375 376 378 381
# layer 30: 176 experts, weight coverage 93.7%
30: 0 2 4 5 7 8 9 10 11 12 13 14 15 16 17 18 19 20 21 22 23 33 36 41 42 43 44 48 49 50 56 60 61 63 67 68 69 70 72 74 76 78 79 80 81 84 85 87 90 95 97 99 100 104 108 109 111 112 115 124 126 131 133 138 139 141 142 143 145 149 153 154 156 159 160 161 164 165 166 167 168 170 171 175 181 182 188 191 193 194 197 198 199 202 203 205 206 209 210 212 215 220 225 226 229 233 234 235 236 237 241 243 244 245 246 247 249 250 252 255 259 262 263 264 265 269 272 273 277 280 281 285 286 288 291 292 294 295 296 299 301 302 303 304 308 310 313 317 319 320 321 322 324 326 327 329 331 334 338 342 344 345 348 349 354 355 356 358 361 364 366 375 376 377 379 383
# layer 31: 176 experts, weight coverage 93.7%
31: 2 3 4 5 6 7 8 11 14 15 16 17 19 20 22 24 25 28 29 31 34 36 38 39 41 42 43 45 46 48 50 51 52 53 56 59 63 64 66 67 68 70 75 76 77 85 88 96 97 101 103 104 105 108 109 110 115 116 118 125 129 130 131 133 134 135 137 138 141 142 143 144 149 151 152 153 155 156 158 160 167 168 170 171 173 175 182 184 185 188 189 190 191 195 198 203 206 208 211 213 217 221 229 230 232 241 243 244 245 247 249 250 251 253 255 257 258 260 262 263 266 269 271 274 276 279 280 281 286 287 291 293 294 296 297 298 299 300 301 303 304 306 308 310 311 313 314 316 318 324 325 326 330 332 334 337 339 340 341 345 347 348 349 350 351 354 356 357 358 359 361 368 370 375 378 381
# layer 32: 176 experts, weight coverage 93.7%
32: 5 8 10 13 14 18 19 20 24 25 28 29 33 35 37 41 42 43 44 46 47 48 49 54 58 63 64 66 69 70 71 72 74 77 78 79 81 82 85 88 89 90 91 92 94 95 97 100 101 102 105 107 109 113 117 121 122 124 128 129 132 133 134 136 137 139 142 144 146 149 150 153 156 157 161 166 167 169 173 175 177 180 186 190 191 197 200 205 208 209 210 211 215 218 219 220 221 226 231 232 233 234 235 239 244 245 246 247 248 250 251 256 258 262 263 264 265 267 269 270 272 273 276 277 279 280 281 282 283 285 287 288 289 292 294 295 297 300 303 305 307 310 312 314 317 318 322 323 325 329 333 335 337 338 339 340 341 344 346 348 350 353 354 355 363 364 365 366 367 368 373 374 375 376 378 383
# layer 33: 176 experts, weight coverage 93.5%
33: 1 2 3 5 7 8 9 10 13 15 16 17 21 22 23 24 25 28 30 32 34 35 38 42 44 46 48 50 53 55 60 61 64 66 67 68 69 75 76 80 81 87 88 92 96 97 98 101 102 105 107 108 109 116 117 118 119 122 123 125 130 134 135 140 141 143 144 145 149 151 153 154 157 159 161 163 164 171 172 173 178 180 183 185 186 187 188 190 192 193 194 196 198 201 202 203 208 209 210 211 212 215 218 221 223 228 232 233 235 238 240 241 242 244 245 248 251 252 253 255 259 260 263 266 268 274 275 276 277 282 283 284 286 291 294 297 299 300 301 302 306 307 309 310 311 313 315 316 318 323 325 326 327 328 329 330 337 339 340 343 345 346 347 350 351 358 359 362 364 365 366 367 368 374 376 380
# layer 34: 176 experts, weight coverage 92.9%
34: 1 3 4 6 7 8 14 20 25 27 31 32 39 42 43 44 45 46 47 48 49 54 57 60 65 66 68 70 74 75 78 80 81 82 84 90 92 94 95 96 97 101 103 104 105 106 108 111 115 117 119 120 122 125 127 128 129 131 134 137 138 140 141 142 146 148 149 150 152 155 158 159 160 162 164 166 167 168 170 172 177 178 179 183 185 186 187 188 190 192 193 196 203 204 206 207 208 209 213 214 215 216 218 221 223 225 227 228 229 232 233 236 239 241 245 246 248 249 250 252 259 260 261 263 264 268 269 270 271 274 275 277 278 286 288 290 291 293 296 299 307 308 309 311 313 316 317 318 319 323 324 326 328 333 335 337 338 341 342 345 348 349 352 353 354 355 356 357 359 360 365 366 368 373 379 380
# layer 35: 176 experts, weight coverage 92.6%
35: 3 4 6 9 11 15 16 17 18 19 25 26 33 34 35 36 38 41 42 46 47 49 53 58 61 62 68 75 79 80 84 85 88 91 92 94 98 102 103 104 110 111 112 113 116 117 118 119 121 122 124 127 131 135 136 140 141 144 146 147 151 152 153 154 155 157 158 159 161 162 163 165 171 172 174 177 178 180 182 191 193 194 199 201 203 205 206 209 210 211 215 216 218 221 224 229 232 233 234 236 240 246 248 250 251 252 254 255 259 262 263 264 266 267 270 273 275 276 277 279 280 281 284 286 287 292 293 295 296 298 299 300 303 304 305 306 307 311 312 313 315 316 319 324 326 328 332 333 334 335 338 339 340 343 344 346 347 348 350 352 353 354 355 356 359 362 365 366 369 373 374 377 379 381 382 383
# layer 36: 176 experts, weight coverage 93.9%
36: 1 3 4 7 8 12 13 16 18 22 23 25 26 28 29 32 35 36 40 41 42 43 44 46 47 50 51 52 53 55 56 57 58 59 63 64 67 69 79 80 82 83 85 93 94 95 98 99 101 103 108 113 114 121 123 125 126 130 134 135 138 139 142 146 152 157 158 159 160 164 165 166 170 171 172 174 179 182 183 184 187 189 190 192 195 197 199 201 202 204 209 210 211 212 213 217 220 222 223 227 229 231 233 234 236 238 242 244 246 247 248 250 252 253 257 258 262 264 265 268 272 273 274 276 277 279 280 284 287 288 289 291 292 294 299 301 302 304 305 306 307 310 313 314 316 317 318 322 323 324 325 327 329 333 336 337 339 340 342 343 346 349 350 354 355 359 361 362 363 366 367 369 372 373 374 380
# layer 37: 176 experts, weight coverage 90.4%
37: 1 3 4 5 6 7 8 9 10 13 15 16 19 20 21 23 26 30 31 32 33 36 37 38 39 40 42 43 45 46 50 51 52 53 55 56 58 59 61 65 66 67 68 71 72 73 77 78 83 95 97 100 102 105 107 110 112 116 117 119 121 123 124 126 127 128 130 132 135 136 138 141 144 148 156 157 158 160 161 162 163 165 167 168 171 172 174 176 177 179 181 182 186 188 189 194 197 198 204 208 209 214 217 218 219 224 225 227 230 232 233 234 238 240 245 246 248 250 253 256 257 258 259 265 268 271 272 273 275 279 282 285 287 292 296 297 298 304 307 308 310 311 315 316 321 322 327 330 333 334 338 339 341 343 344 345 346 348 350 352 354 358 359 360 361 366 367 368 370 372 373 374 377 378 380 381
# layer 38: 176 experts, weight coverage 91.2%
38: 6 7 9 12 13 17 19 20 21 23 24 26 28 30 31 33 35 40 43 49 50 51 54 55 58 59 60 61 62 64 67 68 69 70 71 73 75 79 80 82 83 85 86 88 90 91 93 95 97 98 101 103 105 108 110 115 116 117 118 125 131 133 134 138 139 141 144 145 147 150 151 152 153 155 158 159 162 167 168 169 170 171 173 176 177 181 183 186 187 188 189 191 192 193 195 196 197 201 202 204 207 208 212 217 219 224 226 227 230 231 234 236 237 239 240 242 246 249 250 254 257 258 260 263 264 265 268 273 276 277 278 281 282 283 285 288 289 292 296 298 301 302 305 309 311 315 316 318 322 325 326 332 333 334 335 339 340 342 345 347 349 350 351 353 354 355 357 361 363 366 369 370 375 378 379 380
# layer 39: 176 experts, weight coverage 92.5%
39: 0 1 4 6 7 8 10 12 14 15 18 20 24 25 26 27 30 32 33 35 36 45 47 50 51 54 55 58 61 64 66 69 70 72 80 82 83 85 87 91 92 93 96 97 99 101 102 103 106 107 109 112 116 118 119 122 125 126 127 131 133 136 141 142 144 145 146 149 151 152 155 156 159 160 166 168 170 173 176 178 179 181 182 184 188 189 190 194 195 196 198 200 202 203 204 205 207 208 212 215 220 221 224 228 229 231 235 237 240 244 246 247 255 256 261 266 268 269 273 276 277 279 281 283 284 285 286 289 291 293 294 295 296 298 303 304 307 308 312 313 314 318 319 322 324 326 328 330 331 334 335 336 346 348 349 351 352 354 355 356 357 359 360 361 362 363 367 368 370 371 374 375 377 379 381 382
